mx1 = [ 0:4 ; 5:9 ; 10:14 ; 15:19 ; 20:24 ];
mx2 = eye (5, 5);

mx2(1,5) = mx1(5,1);

v1 = mx1(1,:);

mx2(4,:) = v1;

mx2(:,4) = mx1(3,:);